Finished followers and collapsers computation; Time cost: 3.02503s.

- Removing time -
Avg: 0.0043166
Min: 4.73484e-06
Mid: 4.24702e-05
Max: 0.160327

- Inserting time -
Avg: 0.00399762
Min: 5.10179e-06
Mid: 4.84064e-05
Max: 0.125219

- Removing update -
Avg: 338.91
Min: 2
Mid: 9
Max: 5452

- Inserting update -
Avg: 339.15
Min: 3
Mid: 9
Max: 5452

Removing time (1 - 100):
0.000114601
1.23885e-05
8.91834e-06
3.39784e-05
5.21224e-05
2.95304e-05
0.160327
0.00101443
8.73096e-05
0.0155573
0.0878126
0.000129318
7.55861e-06
2.35941e-05
3.69381e-05
8.21799e-06
9.62056e-06
1.6693e-05
3.0024e-05
2.13236e-05
9.4194e-06
5.23236e-05
8.86992e-06
8.84198e-06
3.07877e-05
2.03978e-05
8.83266e-06
2.34824e-05
8.83453e-06
2.29329e-05
3.97209e-05
3.08473e-05
4.83356e-05
2.15601e-05
7.90879e-06
7.6443e-06
3.97433e-05
8.31299e-06
6.6001e-05
2.29869e-05
6.6869e-06
7.07805e-06
4.24702e-05
4.73484e-06
4.26006e-05
0.0932719
0.000152672
0.000121843
0.000535147
0.00148944
2.32011e-05
3.51835e-05
0.000155404
0.00037742
0.000134058
0.000302741
0.000125408
5.35473e-05
9.98825e-05
3.17041e-05
0.000464026
0.000832209
0.000109797
0.00198878
4.85964e-05
7.31777e-05
0.0631859
4.95184e-05
1.91666e-05
3.70424e-05
0.000142505
1.64174e-05
4.98649e-05
6.10892e-05
1.52998e-05
2.93273e-05
4.75664e-05
6.59302e-05
0.000103293
2.90908e-05
1.43517e-05
0.000106493
0.00014695
0.000136171
5.22342e-05
9.87388e-05
4.20492e-05
9.68613e-05
0.000202266
1.54525e-05
3.48631e-05
9.31565e-05
0.000161272
2.26311e-05
2.39611e-05
9.06605e-05
2.22176e-05
3.08361e-05
1.40164e-05
5.27054e-05

Inserting time (1 - 100):
0.000103107
8.97609e-06
7.69272e-06
4.589e-05
0.000191726
4.91068e-05
0.125219
0.000976112
0.000108521
0.0139672
0.100899
0.000180889
5.92135e-06
6.88098e-05
5.60246e-05
5.70714e-06
1.30758e-05
3.11285e-05
4.47426e-05
3.49395e-05
5.84126e-06
0.000158332
1.35973e-05
1.11051e-05
4.10657e-05
3.12682e-05
5.39608e-06
3.22126e-05
6.50994e-06
5.37205e-05
0.000155717
5.07422e-05
6.91302e-05
8.00453e-05
5.58235e-06
5.71087e-06
5.10179e-06
6.50622e-06
0.000121435
1.29696e-05
5.10924e-06
5.29736e-06
8.2938e-05
2.31788e-05
0.000106921
0.0994695
8.77846e-05
5.10123e-05
0.000379769
0.00104863
2.86158e-05
8.59611e-06
8.90214e-05
0.00026666
8.89096e-05
0.000251068
0.000121534
7.88644e-06
4.88758e-05
1.75443e-05
0.000201268
0.000592813
8.74531e-05
0.00137775
2.10814e-05
1.93119e-05
0.0508013
1.07046e-05
1.0239e-05
1.09952e-05
0.000107536
7.39656e-06
6.20075e-06
5.73434e-05
6.3628e-06
7.04825e-06
6.08154e-06
0.000145415
6.04186e-05
7.68714e-06
8.08388e-06
7.84956e-05
0.000133105
7.90879e-05
4.84064e-05
7.89147e-05
4.06783e-05
5.42831e-05
0.000256939
6.84708e-06
6.85453e-06
0.000112643
8.15596e-05
1.68346e-05
6.41868e-06
7.1587e-05
6.20075e-06
7.62939e-06
6.12997e-06
3.93484e-05

Updated vertices percentage (removal; 1 - 100):
13
12
12
3
11
5
5452
168
8
1563
5193
31
30
4
4
4
4
3
7
3
3
13
13
13
6
3
3
3
2
6
7
8
14
3
2
2
2
2
16
15
15
15
10
9
10
5011
3
3
40
129
129
129
9
48
3
29
8
7
3
2
30
111
5
243
243
243
3605
3604
3604
3604
9
8
8
3
2
2
2
5
5
5
5
5
23
9
6
12
3
9
36
36
36
8
13
12
12
11
11
11
11
3

Updated vertices percentage (insertion; 1 - 100):
13
13
13
3
11
5
5452
168
8
1563
5193
31
31
4
4
4
4
3
7
3
3
13
13
13
6
3
3
3
3
6
7
8
14
3
3
3
3
3
16
16
16
16
10
10
10
5011
3
3
40
129
129
129
9
48
3
29
8
8
3
3
30
111
5
243
243
243
3605
3605
3605
3605
9
9
9
3
3
3
3
5
5
5
5
5
23
9
6
12
3
9
36
36
36
8
13
13
13
11
11
11
11
3

